86
957
768
818
512
346
838
348
42
876
218
602
712
316
383
307
566
46
285
526
972
197
962
578
467
462
653
807
491
707
506
135
848
967
387
715
921
102
787
253
867
402
742
771
424
782
846
763
411
558
631
766
16
428
191
752
989
428
191
752
989
428
191
752
989
428
191
752
989
428
191
752
989
428
191
752
989
428
191
752
989
428
191
752
989
428
191
752
989
428
191
752
989
428
191
752
989
428
191
752
989
428
191
752
989
428
191
752
989
428
191
752
989
428
191
752
989
428
191
752
989
428
191
752
989
428
191
752
989
428
191
752
989
428
191
752
989
428
191
752
989
428
191
752
989
428
191
752
989
428
191
752
989
428
191
752
989
428
191
752
989
428
191
752
989
428
191
752
989
428
191
752
989
428
191
752
989
428
191
752
989
428
191
752
989
428
191
752
989
428
191
752
989
428
191
752
989
428
191
752
989
428
191
752
989
428
191
752
989
428
191
752
989
428
191
752
989
428
191
752
989
428
191
752
989
428
191
752
989
428
191
752
989
428
191
752
989
428
191
752
989
428
191
752
989
428
191
752
989
428
191
752
989
428
191
752
989
428
191
752
989
428
191
752
989
428
191
752
989
428
191
752
989
428
191
752
989
428
191
752
989
428
191
752
989
428
191
752
989
428
191
752
989
428
191
752
989
428
191
752
989
428
191
752
989
428
191
752
989
428
191
752
989
428
191
752
989
428
191
752
989
428
191
752
989
428
191
752
989
428
191
752
989
428
191
752
989
428
191
752
989
428
191
752
989
428
191
752
989
428
191
752
989
428
191
752
989
428
191
752
989
428
191
752
989
428
191
752
989
428
191
752
989
428
191
752
989
428
191
752
989
428
191
752
989
428
191
752
989
428
191
752
989
428
191
752
989
428
191
752
989
428
191
752
989
428
191
752
989
428
191
752
989
428
191
752
989
428
191
752
989
428
191
752
989
428
191
752
989
428
191
752
989
428
191
752
989
428
191
752
989
428
191
752
989
428
191
752
989
428
191
752
989
428
191
752
989
428
191
752
989
428
191
752
989
428
191
752
989
428
191
752
989
428
191
752
989
428
191
752
989
428
191
752
989
428
191
752
989
428
191
752
989
428
191
752
989
428
191
752
989
428
191
752
989
428
191
752
989
428
191
752
989
428
191
752
989
428
191
752
989
428
191
752
989
428
191
752
989
428
191
752
989
428
191
752
989
428
191
752
989
428
191
752
989
428
191
752
989
428
191
752
989
428
191
752
989
428
191
752
989
428
191
752
989
428
191
752
989
428
191
752
989
428
191
752
989
428
191
752
989
428
191
752
989
428
191
752
989
428
191
752
989
428
191
752
989
428
191
752
989
428
191
752
989
428
191
752
989
428
191
752
989
428
191
752
989
428
191
752
989
428
191
752
989
428
191
752
989
428
191
752
989
428
191
752
989
428
191
752
989
428
191
752
989
428
191
752
989
428
191
752
989
428
191
752
989
428
191
752
989
428
191
752
989
428
191
752
989
428
191
752
989
428
191
752
989
428
191
752
989
428
191
752
989
428
191
752
989
428
191
752
989
428
191
752
989
428
191
752
989
428
191
752
989
428
191
752
989
428
191
752
989
428
191
752
989
428
191
752
989
428
191
752
989
428
191
752
989
428
191
752
989
428
191
752
989
428
191
752
989
428
191
752
989
428
191
752
989
428
191
752
989
428
191
752
989
428
191
752
989
428
191
752
989
428
191
752
989
428
191
752
989
428
191
752
989
428
191
752
989
428
191
752
989
428
191
752
989
428
191
752
989
428
191
752
989
428
191
752
989
428
191
752
989
428
191
752
989
428
191
752
989
428
191
752
989
428
191
752
989
428
191
752
989
428
191
752
989
428
191
752
989
428
191
752
989
428
191
752
989
428
191
752
989
428
191
752
989
428
191
752
989
428
191
752
989
428
191
752
989
428
191
752
989
428
191
752
989
428
191
752
989
428
191
752
989
428
191
752
989
428
191
752
989
428
191
752
989
428
191
752
989
428
191
752
989
428
191
752
989
428
191
752
989
428
191
752
989
428
191
752
989
428
191
752
989
428
191
752
989
428
191
752
989
428
191
752
989
428
191
752
989
428
191
752
989
428
191
752
989
428
191
752
989
428
191
752
989
428
191
752
989
428
191
752
989
428
191
752
989
428
191
752
989
428
191
752
989
428
191
752
989
428
191
752
989
428
191
752
989
428
191
752
989
428
191
752
989
428
191
752
989
428
191
752
989
428
191
752
989
428
191
752
989
428
191
752
989
428
191
752
989
428
191
752
989
428
191
752
989
428
191
752
989
428
191
752
989
428
191
752
989
428
191
752
989
428
191
752
989
428
191
752
989
428
191
752
989
428
191
752
989
428
191
752
989
428
191
752
989
428
191
752
989
428
191
752
989
428
191
752
989
428
191
752
989
428
191
752
989
428
191
752
989
428
191
752
989
428
191
752
989
428
191
752
989
428
191
752
989
428
191
752
989
428
191
752
989
428
191
752
989
428
191
752
989
428
191
752
989
428
191
752
989
428
191
752
989
428
191
752
989
428
191
752
989
428
191
752
989
428
191
752
989
428
191
752
989
428
191
752
989
428
191
752
989
428
191
752
989
428
191
752
989
428
191
752
989
428
191
752
989
428
191
752
989
428
191
752
989
428
191
752
989
428
191
752
989
428
191
752
989
428
191
752
989
428
191
752
989
428
191
752
989
428
191
752
989
428
191
752
989
428
191
752
989
428
191
752
989
428
191
752
989
428
191
752
989
428
191
752
989
428
191
752
989
428
191
752
989
428
191
752
989
428
191
752
989
428
191
752
989
428
191
752
989
428
191
752
989
428
191
752
989
428
191
752
989
428
191
752
989
428
191
752
989
428
191
752
989
428
191
752
989
428
191
752
989
428
191
752
989
428
191
752
989
428
191
752
989
428
191
752
989
428
191
752
989
428
191
752
989
428
191
752
989
428
191
752
989
428
191
752
989
428
191
752
989
428
191
752
989
428
191
752
989
428
191
752
989
428
191
752
989
428
191
752
989
428
191
752
989
428
191
752
989
428
191
752
989
428
191
752
989
428
191
752
989
428
191
752
989
428
191
752
989
428
191
752
989
428
191
752
989
428
191
752
989
428
191
752
989
428
191
752
989
428
191
752
989
428
191
752
989
428
191
752
989
428
191
752
989
428
191
752
989
428
191
752
989
428
191
752
989
428
191
752
989
428
191
752
989
428
191
752
989
428
191
752
989
428
191
752
989
428
191
752
989
428
191
752
989
428
191
752
989
428
191
752
989
428
191
752
989
428
191
752
989
428
191
752
989
428
191
752
989
428
191
752
989
428
191
752
989
428
191
752
989
428
191
752
989
428
191
752
989
428
191
752
989
428
191
752
989
428
191
752
989
428
191
752
989
428
191
752
989
428
191
752
989
428
191
752
989
428
191
752
989
428
191
752
989
428
191
752
989
428
191
752
989
428
191
752
989
428
191
752
989
428
191
752
989
428
191
752
989
428
191
752
989
428
191
752
989
428
191
752
989
428
191
752
989
428
191
752
989
428
191
752
989
428
191
752
989
428
191
752
989
428
191
752
989
428
191
752
989
428
191
752
